2_4_DINITROPHENOL
-0.64491 -0.29083 -0.30515 -0.27775 -0.33729 0.44103 0.43448 -0.03617 0.02959 -0.12043 0.32925 -0.14436 -0.23866 0.23643 0.22637 0.22296 0.47542
2_CHLOROPHENOL
0.00986 -0.68911 0.27919 -0.12845 -0.22986 -0.15847 -0.17734 -0.19760 0.21278 0.20650 0.20367 0.20346 0.46537
3_CHLOROPHENOL
0.00946 -0.69400 0.31041 -0.28026 -0.23297 -0.04026 -0.17014 -0.19801 0.20909 0.21311 0.20428 0.20575 0.46354
4_NITROPHENOL
-0.68350 -0.29483 -0.36115 0.44648 0.01906 -0.12134 -0.17287 0.31690 -0.27648 -0.20934 0.21847 0.21828 0.21310 0.21959 0.46763
M_CRESOL
-0.69973 0.03364 -0.26578 -0.20867 0.31180 -0.57427 -0.17937 -0.28293 0.20987 0.20032 0.20010 0.20044 0.19651 0.19818 0.20173 0.45816
O_CRESOL
-0.69185 -0.02144 0.28959 -0.20217 -0.57329 -0.27693 -0.19238 -0.18357 0.20086 0.20445 0.20447 0.18724 0.20187 0.19830 0.19809 0.45677
PROPOFOL
-0.68887 -0.20660 -0.21131 -0.03844 -0.01008 0.23155 -0.19147 -0.20320 -0.56321 -0.56628 -0.56353 -0.56287 -0.20074 0.18831 0.20262 0.20327 0.20361 0.19414 0.18948 0.19980 0.19291 0.19158 0.19733 0.19188 0.18975 0.19385 0.19760 0.18878 0.19071 0.19984 0.45960
